题材               09-16  09-17  09-18  09-21  09-22  09-23  09-24  09-28
AI算力              7   1   2   5   6   6   0   0
半导体               7   2   4   1   2   3   2   1
PCB               5   2   1   1   4   5   0   0
光通信              12   2   2   2   0   2   1   0
机器人               3   3   7   3   4   4   8   4
医药                1   1   3  15   8   3   3   4
国企改革              4   6   6  12   7   4   6   3
并购重组              4   2   2   9   3   2   5   1
文化传媒              1   2   1   3   4   2   3   0
新能源               6   2   3   1   1   3   2   2
商业航天              1   0   2   2   0   1   2   1
